14.75 16.44
40.12 37.26
10.32 13.57
26 27.34
24.13 26.13
14.19 16.62
10.68 13.77
15.09 15.77
32.05 30.11
14.55 17.25
29.07 29.82
14.32 16.9
33.48 33.17
24.26 26.18
15.16 19.24
42.96 39.56
6.4 11.67
42.49 38.81
12.35 14.73
36.52 37.29
7.1 12.14
23.93 29.68
12.43 15.35
32.31 34.25
26.97 27.25
14.07 16.11
10.68 14.3
41.4 45.29
6.79 12.05
14.92 17.79
39.84 38.48
29.05 29.67
35.73 39.92
32.33 32.77
39.86 38.18
15.21 19.32
14.54 16.81
40.42 39.7
32.21 33.76
26.84 30.17
10.34 13.36
13.17 16.39
14.21 16.74
31.66 36.2
13.02 16.06
33.28 33.16
11.8 14.49
26.19 31.39
39.72 39.8
15.42 19.34
24.4 26.02
33.12 34.17
18.16 20.71
12.63 14.23
16.74 16
12.57 15.44
32.82 32.78
22.79 28.79
10.55 13.8
24.35 25.64
18.19 20.21
28.01 32.92
12.74 16.14
16.56 20.37
12.43 15.59
32.53 33.04
38.35 43.66
32.52 33.85
40.03 37.81
6.77 11.73
21.46 25.38
10.47 13.65
16.77 16.79
12.42 15.31
32.06 35.71
12.31 15.44
32.85 32.95
12.82 16.03
15.16 15.76
10.42 13.39
10.67 14.26
32.4 35.1
16.48 16.61
12.78 15.8
11.2 14.73
23.87 24.93
41.64 45.59
15.16 19.48
15.29 17.82
29.14 29.58
11.67 14.58
32.46 35.62
13 15.87
31.84 31.6
13.97 16.08
24.35 26.14
15.16 17.04
15.55 21.33
36.28 37.35
13.02 14.27
33.28 34.11
12.63 15.81
41.32 46.23
41.09 47.01
11.43 14.74
43.1 39.41
10.78 14.18
35.94 43.33
32.26 33.34
15.98 24.93
32.67 33.06
15.19 19.3
11.33 15
14.1 16.57
40.57 40.47
32.96 33.87
36.13 37.58
29.91 29.13
36.97 33.87
12.28 15.64
16.83 19.87
35.69 40.66
12.85 15.52
19.34 23.49
25.37 26.95
28.88 32.54
29.87 29.87
26.48 30.91
32.21 33.95
15.08 15.77
32.71 33.13
32 37.58
10.7 13.87
10.15 13.36
36.45 36.81
6.4 11.72
12.78 15.21
35.01 33.14
12.36 14.67
14.62 16.88
42.77 38.33
32.84 32.88
36.95 36.87
25.17 26.41
11.45 14.86
28.37 29.28
15.36 19.18
28.07 34.14
29.92 32.54
10.72 14.2
8.6 12.07
16.99 19.65
11.61 13.83
13.78 16.6
40.78 39.48
12.33 14.91
13.05 15.89
12.67 15.83
32.26 33.37
39.68 40.1
32.31 34.05
10.71 13.8
14.39 16.7
14.58 17.47
11.34 14.87
28.57 29.69
32.48 35.48
14.22 15.39
16.35 17.14
35.45 41.86
18.71 20.72
33.13 32.25
34.72 38.79
28.91 29.64
40.79 44.87
19.36 22.73
12.93 15.83
15.32 19.42
25.27 31.73
28.42 34.19
10.08 13.2
16.84 20.56
10.07 13.21
15.3 18.15
35.65 41.07
32.38 33.62
23.89 24.77
10.35 13.65
31.53 37.19
27.03 25.82
24.11 25.84
28.41 29.49
29.01 32.85
28.15 30.19
36.97 35.1
39.31 37.79
42.5 38.35
12.95 15.95
10.43 13.71
17.26 16.86
10.8 14.28
14.34 15.32
32.21 33.67
29.47 29.45
24.03 24.91
39.01 45.28
32.12 34.07
11.44 14.86
11.45 13.2
29.4 32.93
10.37 13.44
28.65 33.54
11.43 14.83
24.33 25.98
26.33 27.36
11.42 14.75
36.7 36.15
14.6 15.3
12.84 16.26
12.86 16.17
29.34 33.37
14.5 17.12
18.48 20.78
24.63 26.44
6.85 11.74
20.71 25.16
16.93 20.03
13.94 16.7
11.69 13.72
16.69 19.76
19 22.25
32.67 32.12
14.66 15.64
17.52 21.09
40.6 39.85
11.6 13.7
12.85 14.37
14.37 16.54
14.96 17.64
41.96 37.7
37.1 35.29
40.4 39.67
25.38 26.72
24.32 25.87
12.63 14.58
10.66 13.67
28.83 29.36
25.48 27.76
7.1 12.23
12.12 14.48
29.49 27.93
13.04 14.34
12.03 13.79
12.32 14.92
12.46 14.38
15.09 17.2
14.71 17.39
14.51 17.1
14.28 15.87
40.11 40.77
11.34 14.81
10.34 13.72
35.67 33.94
24.25 25.89
22.93 28.68
28.6 30.02
26.91 25.6
12.91 15.37
28.63 30.19
25.66 26.3
29.22 31.71
14.47 17.23
10.39 13.7
25.17 26.08
23.8 24.61
12.97 14.27
11.11 14.28
10.38 13.49
39.97 40.85
32.72 33.23
39.32 38.17
16.76 20.19
36.77 43.14
15.12 19.37
12.29 15.4
24.17 25.35
28.67 29.62
12.95 15.99
19.52 22.72
25.37 31.76
15.41 19.37
10.54 16.8
17.02 20.48
38.84 45.48
35.48 41.22
12.93 15.63
14.42 17.2
6.04 11.17
31.89 35.99
40.43 39.48
36.71 34.18
15.23 18.03
41.73 47.59
13.18 16.27
10.68 14.21
24.28 25.68
36.7 34.29
16.73 20.13
32.74 30.53
12.41 14.92
11.42 14.67
18.84 22.49
25.49 28.14
13.18 16.19
16.47 16.9
29.62 30.08
25.74 28.27
28.52 37.73
29.87 27.89
39.04 45.13
13.01 15.8
13 14.28
14.6 17.51
36.45 36.76
24.7 28.77
14.61 15.07
12.93 15.85
14.7 17
10.53 13.79
11.32 13.32
17.37 21.08
12.57 15.42
10.14 13.53
24.23 25.72
17.14 17.15
10.85 16.78
11.07 14.42
16.66 20.46
14.41 16.69
14.5 17.03
41.67 46.94
32.41 33.78
14.08 17.02
8.45 12.08
14.66 17.74
24.04 26.18
16.86 20.01
29.09 29.43
23.67 24.8
11.14 14.4
12.45 15.5
12.76 15.33
13.91 14.89
28.31 34.15
26.45 27.33
12.2 14.94
36.81 37.05
36.95 37.2
16.44 17.1
14.37 16.61
31.81 31.2
24.31 25.63
33.08 34.11
39.83 36.87
28.66 34.73
12.18 15.03
10.75 14.27
12.17 15.2
12.27 15.27
15.29 17.89
15.36 19.29
12.77 16.22
29.67 30.65
35.96 40.99
17.41 21.46
24.38 25.91
28.03 34.45
22.89 28.88
26.46 27.4
38.89 39.66
28.18 30.18
8.49 12.22
32.84 32.71
15.18 17.63
26.89 25.9
11.21 14.55
40.15 40.4
41.92 48.03
19.2 21.72
28.09 34.33
14.56 15.84
15.12 19.26
29.6 30.12
14.92 17.55
23.54 24.61
13 14.47
29.06 29.34
28.05 33.91
13.04 14.24
29.52 28.43
35.84 38.35
13.95 14.89
36.43 36.62
31.29 36.73
24.37 25.11
38.67 43.8
32.73 34.01
12.18 15.22
36.47 39.28
13.17 16.39
16.86 20.28
15.34 17.85
27.9 34.2
37.24 36.38
12.96 14.34
11.98 14.72
12.34 14.92
27.03 25.81
16.44 17.11
28.64 28.95
14.33 16.99
33.16 33.91
13.86 16.1
40.19 37.41
15.3 18.24
36.64 37.01
12.47 15.14
12.25 15.23
14.61 15.56
26.45 31.28
19.68 29.6
11.59 13.46
36.9 34.43
29.27 29.9
11.16 14.45
15.34 19.32
24.24 25.16
41.26 46.44
14.6 16.85
14.45 16.93
12.45 15.1
29.06 33.84
18.48 21.54
15.2 19.43
24.29 25.95
36.45 33.98
18.9 22.09
10.39 13.6
16.62 19.9
28.15 29.79
29.02 33.01
15.18 19.34
32.12 34.7
34.29 33.31
35.69 36.93
14.7 16.77
17.11 20.43
31.63 36.35
11.09 14.3
26.37 27.03
17.23 17.38
29.53 28.99
35.89 43.3
36.06 34.94
17.14 20.47
29.43 28.38
11.33 15
42.11 38.56
39.81 37.76
27.02 25.63
40 36.26
15.4 19.24
29.71 28.02
12.95 15.73
12.74 13.97
12.12 15.17
14.33 17.23
38.65 43.73
42.08 38.23
10.7 13.87
14.6 15.14
12.8 13.99
32.74 33.88
13 14.57
36.86 34.25
23.86 27.69
15.36 19.29
32.69 33.24
13.68 15.19
17.35 21.19
41.3 44.18
17.69 20.82
20.84 28.28
14.03 15.47
28.15 30
28.7 29.61
35.64 37.28
12.19 14.71
18.46 21.53
26.44 27.17
14.65 15.38
12.73 15.66
12.02 14.03
8.5 12.04
12.27 14.97
28.69 29.53
11.1 14.67
14.48 16.74
12.5 15.5
11.22 14.44
13.69 13.89
25.36 31.9
11.69 14.76
29.03 32.92
6.37 11.27
24.77 29.79
17.5 21.13
36.91 37.45
32.23 33.86
29.39 33.47
24.6 29.31
14.53 16.9
38.57 43.86
17.15 16.99
38.98 45.97
29.08 33.93
12.3 15.44
17.17 17.21
32.39 30.66
31.69 37.12
25.43 28.76
32.31 29.69
28.62 30.12
42.74 38.84
6.07 10.9
28.58 29.77
37.03 34.99
24.59 26.29
10.39 13.5
27.27 27.84
14.33 15.41
14.52 16.94
15.16 19.14
40.78 39.55
23.75 27.38
7.18 12.4
32.07 36.16
14.32 16.35
35.99 36.07
32.49 32.83
14.5 17.03
39.97 36.77
11.22 14.65
22.58 28.51
36.59 36.44
24.94 29.88
14.61 17.25
6.37 11.29
19.06 21.68
32.31 32
24.58 26.47
15.19 19.25
30.05 28.61
11.11 14.46
12.1 15.57
12.12 14.97
10.7 13.75
12.49 15.09
36.96 36.85
36.57 36.1
32.75 34
28.17 30.1
29.08 29.52
11.16 14.27
29.5 29.56
40.71 40.63
32.38 31.53
31.66 37.72
12.86 16.13
16.76 17.36
32.09 31.7
6.01 10.94
15.37 19.18
11.53 13.59
30 29.93
24.23 25.02
32.13 32.28
23.53 27.31
11.69 13.65
24.63 26.37
42.62 39.07
15.23 17.95
11.7 13.88
6.05 11.19
15.16 18.06
16.92 20.29
16.9 16.79
12.92 16.14
10.77 16.75
32.82 32.96
35.05 33.82
15.23 18.14
36.26 37.51
25.7 26.53
13.99 14.61
10.45 13.79
12.73 13.89
17.88 21.4
12.97 15.53
11.14 14.28
12.97 14.5
12.68 14.09
35.78 43.12
24.96 29.43
12.3 15.24
28.64 31.14
28.95 30.34
19.48 22.72
29.63 30.93
29.68 29.44
29.79 29.92
10.56 16.67
33.27 33.88
11.46 13.54
16.95 21.16
12.41 15.28
24.03 25.88
15.09 18.36
12.72 15.78
28.15 29.79
15.23 18.14
26.33 31.06
10.36 13.43
15.55 21.33
14.66 17.37
10.64 13.67
39.04 45.52
28.86 32.83
28.4 33.52
39.86 36.85
16.94 16.58
12.28 14.74
10.77 14.14
14.51 16.5
6.81 11.93
28.67 29.43
12.65 15.85
31.64 36.86
16.64 16.03
36.03 42.86
11.13 14.61
12.73 15.48
39.83 36.66
17.14 17.2
32.94 34.14
39.89 37.54
14.44 17.32
33.09 33.89
29.88 28.31
29.47 29.77
19.12 21.93
24.77 29.79
14.54 16.43
14.72 18.1
12.88 14.37
14.7 17.2
12.87 15.85
28.05 32.35
12.62 14.15
32.15 36.21
36.66 35.92
32.24 33.94
28.67 32.43
14.71 17.01
10.72 14.11
15.41 19.23
36.06 35.73
14.9 18.22
14.34 14.96
23.59 27.57
14.4 17.27
32.29 32.46
12.16 15.18
36.57 35.39
33.21 34.35
32.68 36.12
14.42 16.87
34.24 37.26
35.56 41.68
11.38 14.54
38.82 39.37
14.17 16.94
15.34 17.86
23.84 27.54
18.88 22.07
25.41 31.73
11.16 14.39
12.59 14.24
11.18 14.29
16.54 16.88
